radix 44444 44444 1 1 1
vname A<19:0> B<19:0> C0 sel rst_n
io     i    i   i   i   i

tunit 50ns
vih 1
vil 0
slope 0.01
 


0 00000 00000 0 1 0
2 00000 00000 0 1 1

10 03039 000FF 0 1 1
20 00001 7FFFF 0 1 1
30 E739F 00CCF 0 1 1
40 40FFF 1E0C0 0 1 1
50 00000 00000 0 0 1
60 00001 00000 0 0 1
70 A0F3F 00000 0 0 1
80 00001 00000 0 0 1
90 40FFF 00000 0 0 1
100 40FFF 00000 0 0 1
110 40FFF 00000 0 0 1

120 00000 00000 0 0 0
122 00000 00000 0 0 1

130 7FFFF 00000 0 0 1
140 3FFFF 00000 0 0 1
150 1FFFF 00000 0 0 1
160 0FFFF 00000 0 0 1

